docId,filename,0 règne serait cabinet,1 déjà toute conseil,2 attendez oubliez épousez,3 exprès nation affaire,4 mieux prenez monsieur,5 dernière disais jamais,6 de à ne,7 corps kiril виконт,8 sacrifices descendre serai,9 général venez vienne
0,Анна Каренина. 19_0.txt,0.03636609945302187,0.029022125902762964,0.027253242081955946,0.024623535927609155,0.0916334319149982,0.03409822477500343,0.5969322565046857,0.042729307646295574,0.044917162340033796,0.07242461345363328
1,Анна Каренина. 19_1.txt,0.034891461223815576,0.027845284366476174,0.02614812843907593,0.023625056355611233,0.06088451104093113,0.03271554842099289,0.6267931763243385,0.040996642567816606,0.05661238173570856,0.06948780952523338
2,Анна Каренина. 19_2.txt,0.048408062778433285,0.027845284366476174,0.02614812843907593,0.023625056355611233,0.07440111259554884,0.03271554842099289,0.6132765747697209,0.040996642567816606,0.043095780181090844,0.06948780952523338
3,Анна Каренина. 19_3.txt,0.03586089611209298,0.02861894615053588,0.02687463593067667,0.024281462051025805,0.0625761446695767,0.033624527091304104,0.6164238853080188,0.04213570565699306,0.04429316634319766,0.08531063068657833
4,Анна Каренина. 19_4.txt,0.033973060576995305,0.027112350683675554,0.0517815114324546,0.023003206015237726,0.07244275294148939,0.04501524374834972,0.5971341266407846,0.03991754350658145,0.04196142836533706,0.06765877608909461
5,Анна Каренина. 19_5.txt,0.03268266820450523,0.026082547365154956,0.024492829361924085,0.02212947956608229,0.06969117347675373,0.03064450087982899,0.6377579800216565,0.038401362956622026,0.04036761532106618,0.07774984284640603
6,Анна Каренина. 19_6.txt,0.049071340536212225,0.04192861834905367,0.02650640495347743,0.02394876223243331,0.06171873863957587,0.03316381043264381,0.5942759630667453,0.04155837050316709,0.05738807345863607,0.07043991782805523
7,Анна Каренина. 19_7.txt,0.0453436055332217,0.026082547365154956,0.024492829361924085,0.02212947956608229,0.0823521108054702,0.04330543820854546,0.5744532933780742,0.038401362956622026,0.04036761532106618,0.10307171750383896
8,Анна Каренина. 19_8.txt,0.03636609945302187,0.029022125902762964,0.027253242081955946,0.024623535927609155,0.06345770873453209,0.03409822477500343,0.6251079796851519,0.042729307646295574,0.044917162340033796,0.07242461345363328
9,Война и мир. 10_0.txt,0.06454182263348798,0.029022125902762964,0.027253242081955946,0.024623535927609155,0.06345770873453209,0.03409822477500343,0.5969322565046857,0.042729307646295574,0.044917162340033796,0.07242461345363328
10,Война и мир. 10_1.txt,0.03636609945302187,0.029022125902762964,0.027253242081955946,0.024623535927609155,0.07754557032476514,0.03409822477500343,0.6110201180949189,0.042729307646295574,0.044917162340033796,0.07242461345363328
11,Война и мир. 10_10.txt,0.03636609945302187,0.029022125902762964,0.027253242081955946,0.024623535927609155,0.06345770873453209,0.03409822477500343,0.6110201180949189,0.042729307646295574,0.044917162340033796,0.08651247504386635
12,Война и мир. 10_11.txt,0.03353175510430005,0.02676016490673555,0.038119011522477986,0.022704397473067853,0.0585118662922624,0.044430501806250175,0.6283470301018323,0.039399020002757544,0.04141635507299223,0.06677989771732382
13,Война и мир. 10_12.txt,0.03268266820450523,0.026082547365154956,0.024492829361924085,0.03479041689479877,0.057030236148037254,0.03064450087982899,0.6124361053642235,0.038401362956622026,0.06568948997849913,0.07774984284640603
14,Война и мир. 10_13.txt,0.04477669065900077,0.025756446608830127,0.024186604280928777,0.03435544476176982,0.0563172075131845,0.03026136365116015,0.6422869623727203,0.03792124445712345,0.03986291347185893,0.0642751222234232
15,Война и мир. 10_14.txt,0.034891461223815576,0.027845284366476174,0.03966472999369364,0.023625056355611233,0.06088451104093113,0.05974875153022831,0.5862433716604853,0.040996642567816606,0.043095780181090844,0.0830044110798511
16,Война и мир. 10_15.txt,0.03586089611209298,0.04251109704182187,0.02687463593067667,0.024281462051025805,0.0625761446695767,0.033624527091304104,0.5886395835254469,0.05602785654827905,0.04429316634319766,0.08531063068657833
17,Война и мир. 10_16.txt,0.03586089611209298,0.02861894615053588,0.02687463593067667,0.024281462051025805,0.0625761446695767,0.033624527091304104,0.6164238853080188,0.04213570565699306,0.05818531723448365,0.07141847979529235
18,Война и мир. 10_17.txt,0.03268266820450523,0.03874348469387143,0.024492829361924085,0.03479041689479877,0.06969117347675373,0.03064450087982899,0.62509704269294,0.038401362956622026,0.04036761532106618,0.06508890551768955
19,Война и мир. 10_18.txt,0.03353175510430005,0.02676016490673555,0.025129146458802147,0.022704397473067853,0.0585118662922624,0.031440636742574336,0.654326760229184,0.039399020002757544,0.04141635507299223,0.06677989771732382
20,Война и мир. 10_19.txt,0.03536953716484402,0.028226814977685463,0.04020820832484564,0.02394876223243331,0.06171873863957587,0.04686561380401202,0.6079777664381135,0.04155837050316709,0.04368627008726786,0.07043991782805523
21,Война и мир. 10_2.txt,0.044223776605147834,0.02543839940396211,0.0238879418915229,0.021582958593832694,0.08031830085843492,0.04223594490560743,0.5973110693350248,0.03745298321022575,0.039370675998259844,0.08817794919798172
22,Война и мир. 10_20.txt,0.04214224369531446,0.0242410601082795,0.04629767244370581,0.020567087900432796,0.07653786419443302,0.02848092931323793,0.5927308138964074,0.047457185571435245,0.04928461604006403,0.07226052683668983
23,Война и мир. 10_21.txt,0.03536953716484402,0.04192861834905367,0.02650640495347743,0.02394876223243331,0.07542054201094407,0.03316381043264381,0.6079777664381135,0.04155837050316709,0.04368627008726786,0.07043991782805523
24,Война и мир. 10_22.txt,0.03536953716484402,0.028226814977685463,0.02650640495347743,0.02394876223243331,0.06171873863957587,0.03316381043264381,0.5942759630667453,0.0552601738745353,0.04368627008726786,0.09784352457079164
25,Война и мир. 10_23.txt,0.03586089611209298,0.02861894615053588,0.02687463593067667,0.024281462051025805,0.0625761446695767,0.033624527091304104,0.6025317344167328,0.04213570565699306,0.05818531723448365,0.08531063068657833
26,Война и мир. 10_24.txt,0.03353175510430005,0.02676016490673555,0.025129146458802147,0.022704397473067853,0.0585118662922624,0.044430501806250175,0.6153571650381565,0.039399020002757544,0.04141635507299223,0.0927596278446755
27,Война и мир. 10_25.txt,0.034891461223815576,0.027845284366476174,0.02614812843907593,0.023625056355611233,0.06088451104093113,0.03271554842099289,0.6267931763243385,0.040996642567816606,0.043095780181090844,0.0830044110798511
28,Война и мир. 10_26.txt,0.034891461223815576,0.027845284366476174,0.02614812843907593,0.023625056355611233,0.06088451104093113,0.04623214997561059,0.6132765747697209,0.040996642567816606,0.043095780181090844,0.0830044110798511
29,Война и мир. 10_27.txt,0.03636609945302187,0.029022125902762964,0.027253242081955946,0.038711397517842215,0.06345770873453209,0.03409822477500343,0.6110201180949189,0.042729307646295574,0.044917162340033796,0.07242461345363328
30,Война и мир. 10_28.txt,0.03586089611209298,0.04251109704182187,0.02687463593067667,0.024281462051025805,0.0625761446695767,0.033624527091304104,0.6025317344167328,0.05602785654827905,0.04429316634319766,0.07141847979529235
31,Война и мир. 10_29.txt,0.03586089611209298,0.02861894615053588,0.02687463593067667,0.024281462051025805,0.0625761446695767,0.033624527091304104,0.6303160361993048,0.04213570565699306,0.04429316634319766,0.07141847979529235
32,Война и мир. 10_3.txt,0.04315792633115713,0.024825301042492868,0.023312211563525767,0.021062781347638646,0.06633187845280568,0.02916735658477247,0.6190670413015991,0.036550317823395316,0.06252308646135842,0.07400209909125466
33,Война и мир. 10_30.txt,0.03586089611209298,0.02861894615053588,0.02687463593067667,0.024281462051025805,0.0625761446695767,0.033624527091304104,0.6303160361993048,0.04213570565699306,0.04429316634319766,0.07141847979529235
34,Война и мир. 10_31.txt,0.03636609945302187,0.029022125902762964,0.027253242081955946,0.024623535927609155,0.07754557032476514,0.03409822477500343,0.6110201180949189,0.042729307646295574,0.044917162340033796,0.07242461345363328
35,Война и мир. 10_32.txt,0.033973060576995305,0.027112350683675554,0.025459866691666062,0.023003206015237726,0.05928193057109512,0.031854421377955446,0.6497774161223616,0.03991754350658145,0.04196142836533706,0.06765877608909461
36,Война и мир. 10_33.txt,0.03536953716484402,0.028226814977685463,0.04020820832484564,0.02394876223243331,0.06171873863957587,0.03316381043264381,0.6079777664381135,0.04155837050316709,0.04368627008726786,0.08414172119942342
37,Война и мир. 10_34.txt,0.04214224369531446,0.03600810642150115,0.02276357981726251,0.020567087900432796,0.07653786419443302,0.02848092931323793,0.6162649065228507,0.03569013925821359,0.061051662353285685,0.06049348052346818
38,Война и мир. 10_35.txt,0.03636609945302187,0.029022125902762964,0.027253242081955946,0.024623535927609155,0.06345770873453209,0.03409822477500343,0.6110201180949189,0.042729307646295574,0.044917162340033796,0.08651247504386635
39,Война и мир. 10_36.txt,0.033973060576995305,0.027112350683675554,0.03862068906206033,0.023003206015237726,0.05928193057109512,0.05817606611874399,0.6102949490111789,0.03991754350658145,0.04196142836533706,0.06765877608909461
40,Война и мир. 10_37.txt,0.03586089611209298,0.02861894615053588,0.02687463593067667,0.024281462051025805,0.0625761446695767,0.033624527091304104,0.6164238853080188,0.04213570565699306,0.05818531723448365,0.07141847979529235
41,Война и мир. 10_38.txt,0.033973060576995305,0.027112350683675554,0.025459866691666062,0.023003206015237726,0.05928193057109512,0.031854421377955446,0.6497774161223616,0.03991754350658145,0.04196142836533706,0.06765877608909461
42,Война и мир. 10_39.txt,0.03636609945302187,0.04310998749299602,0.027253242081955946,0.024623535927609155,0.06345770873453209,0.03409822477500343,0.6110201180949189,0.042729307646295574,0.044917162340033796,0.07242461345363328
43,Война и мир. 10_4.txt,0.034891461223815576,0.027845284366476174,0.02614812843907593,0.023625056355611233,0.06088451104093113,0.03271554842099289,0.6132765747697209,0.040996642567816606,0.05661238173570856,0.0830044110798511
44,Война и мир. 10_40.txt,0.04117326818804365,0.03518017297216004,0.02224017742178958,0.020094189386165483,0.08627451800951695,0.03932255497536103,0.5791021697923401,0.05786249066964086,0.05964790307729159,0.05910255550769068
45,Война и мир. 10_41.txt,0.03636609945302187,0.029022125902762964,0.027253242081955946,0.024623535927609155,0.06345770873453209,0.03409822477500343,0.6251079796851519,0.042729307646295574,0.044917162340033796,0.07242461345363328
46,Война и мир. 10_42.txt,0.03227404849911399,0.025756446608830127,0.03668924644081556,0.021852802601883037,0.0563172075131845,0.03026136365116015,0.6172816780529468,0.03792124445712345,0.03986291347185893,0.10178304870308354
47,Война и мир. 10_43.txt,0.03227404849911399,0.025756446608830127,0.03668924644081556,0.03435544476176982,0.06881984967307128,0.03026136365116015,0.6047790358930599,0.03792124445712345,0.03986291347185893,0.08928040654319676
48,Война и мир. 10_44.txt,0.034891461223815576,0.027845284366476174,0.02614812843907593,0.023625056355611233,0.06088451104093113,0.03271554842099289,0.6403097778789563,0.040996642567816606,0.043095780181090844,0.06948780952523338
49,Война и мир. 10_45.txt,0.03536953716484402,0.028226814977685463,0.02650640495347743,0.02394876223243331,0.06171873863957587,0.03316381043264381,0.6216795698094817,0.04155837050316709,0.05738807345863607,0.07043991782805523
50,Война и мир. 10_46.txt,0.03148671425682657,0.03732574783173617,0.03579420223688283,0.021319697504179464,0.07933860739744994,0.029523129406345026,0.6144205594323141,0.03699614532454748,0.051088083576561444,0.06270711303315693
51,Война и мир. 10_47.txt,0.050453961043254926,0.029022125902762964,0.027253242081955946,0.024623535927609155,0.06345770873453209,0.03409822477500343,0.5969322565046857,0.042729307646295574,0.044917162340033796,0.08651247504386635
52,Война и мир. 10_48.txt,0.03586089611209298,0.02861894615053588,0.02687463593067667,0.024281462051025805,0.0625761446695767,0.033624527091304104,0.6025317344167328,0.05602785654827905,0.04429316634319766,0.08531063068657833
53,Война и мир. 10_49.txt,0.04214224369531446,0.0242410601082795,0.02276357981726251,0.020567087900432796,0.08830491050765468,0.040247975626459584,0.604497860209629,0.047457185571435245,0.04928461604006403,0.06049348052346818
54,Война и мир. 10_5.txt,0.049071340536212225,0.028226814977685463,0.02650640495347743,0.02394876223243331,0.06171873863957587,0.04686561380401202,0.5942759630667453,0.04155837050316709,0.04368627008726786,0.08414172119942342
55,Война и мир. 10_50.txt,0.031107278966650574,0.024825301042492868,0.023312211563525767,0.033113428712145204,0.06633187845280568,0.02916735658477247,0.6190670413015991,0.04860096518790188,0.0384217917323453,0.0860527464557612
56,Война и мир. 10_51.txt,0.03586089611209298,0.02861894615053588,0.02687463593067667,0.024281462051025805,0.0625761446695767,0.033624527091304104,0.6164238853080188,0.05602785654827905,0.04429316634319766,0.07141847979529235
57,Война и мир. 10_52.txt,0.04652162016797589,0.03975002997041139,0.025129146458802147,0.022704397473067853,0.0585118662922624,0.044430501806250175,0.6153571650381565,0.039399020002757544,0.04141635507299223,0.06677989771732382
58,Война и мир. 10_53.txt,0.03636609945302187,0.029022125902762964,0.027253242081955946,0.024623535927609155,0.07754557032476514,0.04818608636523649,0.5969322565046857,0.042729307646295574,0.044917162340033796,0.07242461345363328
59,Война и мир. 10_54.txt,0.03227404849911399,0.025756446608830127,0.024186604280928777,0.021852802601883037,0.06881984967307128,0.04276400581104693,0.5797737515732864,0.06292652877689701,0.05236555563174571,0.08928040654319676
60,Война и мир. 10_55.txt,0.04592505983764366,0.026417011492068012,0.024806908070321657,0.022413252349410887,0.07058484375995577,0.03103746426979109,0.6202895525142642,0.05171708708372937,0.040885261048874195,0.06592355957394112
61,Война и мир. 10_56.txt,0.029339480311209247,0.0461461413861219,0.021987399570115918,0.031231622372955594,0.05119647759904441,0.02750980197163459,0.6407151183617068,0.034473196170504296,0.04760413582712791,0.06979662642957936
62,Война и мир. 10_57.txt,0.03636609945302187,0.029022125902762964,0.027253242081955946,0.024623535927609155,0.06345770873453209,0.03409822477500343,0.6110201180949189,0.042729307646295574,0.05900502393026686,0.07242461345363328
63,Война и мир. 10_58.txt,0.03586089611209298,0.02861894615053588,0.02687463593067667,0.024281462051025805,0.0625761446695767,0.033624527091304104,0.6303160361993048,0.04213570565699306,0.04429316634319766,0.07141847979529235
64,Война и мир. 10_59.txt,0.034891461223815576,0.027845284366476174,0.02614812843907593,0.023625056355611233,0.10143431570478424,0.03271554842099289,0.5727267701058677,0.054513244122434315,0.05661238173570856,0.06948780952523338
65,Война и мир. 10_6.txt,0.034426136848963396,0.027473930198839088,0.02579940811918395,0.0233099845817751,0.06007253452734894,0.03227924275814625,0.6184340496869118,0.040449897421445766,0.05585737978921281,0.08189743606817282
66,Война и мир. 10_60.txt,0.03353175510430005,0.03975002997041139,0.025129146458802147,0.022704397473067853,0.0585118662922624,0.031440636742574336,0.6153571650381565,0.039399020002757544,0.04141635507299223,0.0927596278446755
67,Война и мир. 10_61.txt,0.03636609945302187,0.029022125902762964,0.027253242081955946,0.024623535927609155,0.07754557032476514,0.03409822477500343,0.6110201180949189,0.042729307646295574,0.044917162340033796,0.07242461345363328
68,Война и мир. 10_62.txt,0.034891461223815576,0.04136188592109388,0.02614812843907593,0.023625056355611233,0.06088451104093113,0.03271554842099289,0.6132765747697209,0.040996642567816606,0.043095780181090844,0.0830044110798511
69,Война и мир. 10_63.txt,0.04713388294738957,0.027112350683675554,0.03862068906206033,0.023003206015237726,0.05928193057109512,0.031854421377955446,0.5971341266407846,0.03991754350658145,0.04196142836533706,0.09398042082988314
70,Война и мир. 10_64.txt,0.04214224369531446,0.0242410601082795,0.03453062613048416,0.020567087900432796,0.08830491050765468,0.02848092931323793,0.5809637675831857,0.0827583245111002,0.03751756972684237,0.06049348052346818
71,Война и мир. 10_65.txt,0.049753047003378965,0.02861894615053588,0.02687463593067667,0.024281462051025805,0.07646829556086268,0.033624527091304104,0.6025317344167328,0.04213570565699306,0.04429316634319766,0.07141847979529235
72,Война и мир. 10_66.txt,0.03636609945302187,0.029022125902762964,0.027253242081955946,0.024623535927609155,0.06345770873453209,0.03409822477500343,0.6251079796851519,0.042729307646295574,0.044917162340033796,0.07242461345363328
73,Война и мир. 10_7.txt,0.050913766751791635,0.04512047890969708,0.03261189758430157,0.03053745592298576,0.05005856434300225,0.026898358180915637,0.6042479321385786,0.0559333786023149,0.03543286869228054,0.06824529887413201
74,Война и мир. 10_8.txt,0.03980056805720609,0.022894081520525997,0.03261189758430157,0.03053745592298576,0.05005856434300225,0.03801155687550118,0.5597951373602364,0.0559333786023149,0.06877246477603717,0.10158489495788862
75,Война и мир. 10_9.txt,0.05874835206560619,0.026417011492068012,0.024806908070321657,0.022413252349410887,0.05776155153199325,0.03103746426979109,0.5946429680583392,0.05171708708372937,0.06653184550479925,0.06592355957394112
76,Война и мир. 11_0.txt,0.03586089611209298,0.02861894615053588,0.02687463593067667,0.024281462051025805,0.07646829556086268,0.033624527091304104,0.6164238853080188,0.04213570565699306,0.04429316634319766,0.07141847979529235
77,Война и мир. 11_1.txt,0.04652162016797589,0.02676016490673555,0.025129146458802147,0.022704397473067853,0.0585118662922624,0.031440636742574336,0.6023672999744807,0.039399020002757544,0.06739608520034392,0.07976976278099966
78,Война и мир. 11_10.txt,0.03536953716484402,0.028226814977685463,0.02650640495347743,0.02394876223243331,0.06171873863957587,0.03316381043264381,0.63538137318085,0.04155837050316709,0.04368627008726786,0.07043991782805523
79,Война и мир. 11_100.txt,0.03353175510430005,0.02676016490673555,0.051108876586153824,0.022704397473067853,0.07150173135593824,0.031440636742574336,0.5893774349108049,0.039399020002757544,0.04141635507299223,0.0927596278446755
80,Война и мир. 11_101.txt,0.034891461223815576,0.027845284366476174,0.02614812843907593,0.023625056355611233,0.06088451104093113,0.03271554842099289,0.6132765747697209,0.054513244122434315,0.05661238173570856,0.06948780952523338
81,Война и мир. 11_102.txt,0.04024785041590803,0.02315136726499319,0.03297839301854479,0.019642548775813926,0.050621126985334115,0.027200644346155215,0.5998004348536202,0.056561962934966965,0.035831066453214,0.11396460495144957
82,Война и мир. 11_103.txt,0.03353175510430005,0.02676016490673555,0.025129146458802147,0.035694262536743696,0.08449159641961408,0.031440636742574336,0.6153571650381565,0.039399020002757544,0.04141635507299223,0.06677989771732382
83,Война и мир. 11_104.txt,0.05520857369566369,0.024825301042492868,0.05946415365704543,0.033113428712145204,0.054281231088299124,0.02916735658477247,0.5829150992080794,0.04860096518790188,0.0384217917323453,0.07400209909125466
84,Война и мир. 11_105.txt,0.033973060576995305,0.027112350683675554,0.025459866691666062,0.023003206015237726,0.05928193057109512,0.031854421377955446,0.6102949490111789,0.053078365876975724,0.04196142836533706,0.09398042082988314
85,Война и мир. 11_106.txt,0.033973060576995305,0.027112350683675554,0.025459866691666062,0.023003206015237726,0.05928193057109512,0.031854421377955446,0.6366165937519673,0.03991754350658145,0.04196142836533706,0.08081959845948888
86,Война и мир. 11_107.txt,0.048408062778433285,0.04136188592109388,0.02614812843907593,0.023625056355611233,0.06088451104093113,0.03271554842099289,0.6132765747697209,0.040996642567816606,0.043095780181090844,0.06948780952523338
87,Война и мир. 11_108.txt,0.049753047003378965,0.04251109704182187,0.02687463593067667,0.024281462051025805,0.07646829556086268,0.033624527091304104,0.5886395835254469,0.04213570565699306,0.04429316634319766,0.07141847979529235
88,Война и мир. 11_109.txt,0.10647976022471933,0.04512047890969708,0.03261189758430157,0.019424257228400216,0.06117176303758779,0.03801155687550118,0.5375687399710654,0.04482017990772936,0.03543286869228054,0.07935849756871755
89,Война и мир. 11_11.txt,0.03636609945302187,0.029022125902762964,0.027253242081955946,0.024623535927609155,0.06345770873453209,0.03409822477500343,0.6110201180949189,0.05681716923652864,0.044917162340033796,0.07242461345363328
90,Война и мир. 11_110.txt,0.033973060576995305,0.027112350683675554,0.03862068906206033,0.023003206015237726,0.07244275294148939,0.04501524374834972,0.5839733042703903,0.053078365876975724,0.04196142836533706,0.08081959845948888
91,Война и мир. 11_111.txt,0.03636609945302187,0.029022125902762964,0.027253242081955946,0.024623535927609155,0.06345770873453209,0.03409822477500343,0.6110201180949189,0.042729307646295574,0.044917162340033796,0.08651247504386635
92,Война и мир. 11_112.txt,0.050453961043254926,0.029022125902762964,0.027253242081955946,0.024623535927609155,0.06345770873453209,0.03409822477500343,0.6110201180949189,0.042729307646295574,0.044917162340033796,0.07242461345363328
93,Война и мир. 11_113.txt,0.03536953716484402,0.028226814977685463,0.02650640495347743,0.02394876223243331,0.06171873863957587,0.03316381043264381,0.6216795698094817,0.0552601738745353,0.04368627008726786,0.07043991782805523
94,Война и мир. 11_114.txt,0.03636609945302187,0.029022125902762964,0.027253242081955946,0.024623535927609155,0.06345770873453209,0.03409822477500343,0.6110201180949189,0.042729307646295574,0.05900502393026686,0.07242461345363328
95,Война и мир. 11_115.txt,0.034426136848963396,0.027473930198839088,0.02579940811918395,0.0233099845817751,0.06007253452734894,0.045615582324646485,0.6184340496869118,0.040449897421445766,0.04252104022271257,0.08189743606817282
96,Война и мир. 11_116.txt,0.03636609945302187,0.029022125902762964,0.027253242081955946,0.024623535927609155,0.06345770873453209,0.03409822477500343,0.6110201180949189,0.05681716923652864,0.044917162340033796,0.07242461345363328
97,Война и мир. 11_117.txt,0.03636609945302187,0.029022125902762964,0.027253242081955946,0.024623535927609155,0.06345770873453209,0.03409822477500343,0.6251079796851519,0.042729307646295574,0.044917162340033796,0.07242461345363328
98,Война и мир. 11_118.txt,0.034426136848963396,0.027473930198839088,0.02579940811918395,0.0233099845817751,0.06007253452734894,0.045615582324646485,0.6317703892534121,0.040449897421445766,0.04252104022271257,0.06856109650167258
99,Война и мир. 11_119.txt,0.03536953716484402,0.028226814977685463,0.02650640495347743,0.02394876223243331,0.06171873863957587,0.03316381043264381,0.63538137318085,0.04155837050316709,0.04368627008726786,0.07043991782805523
100,Война и мир. 11_12.txt,0.03636609945302187,0.04310998749299602,0.027253242081955946,0.024623535927609155,0.06345770873453209,0.03409822477500343,0.5969322565046857,0.042729307646295574,0.044917162340033796,0.08651247504386635
101,Война и мир. 11_120.txt,0.033973060576995305,0.027112350683675554,0.025459866691666062,0.023003206015237726,0.05928193057109512,0.031854421377955446,0.6366165937519673,0.03991754350658145,0.055122250735731335,0.06765877608909461
102,Война и мир. 11_121.txt,0.03536953716484402,0.028226814977685463,0.02650640495347743,0.02394876223243331,0.06171873863957587,0.03316381043264381,0.6216795698094817,0.04155837050316709,0.05738807345863607,0.07043991782805523
103,Война и мир. 11_122.txt,0.034426136848963396,0.027473930198839088,0.02579940811918395,0.0233099845817751,0.06007253452734894,0.03227924275814625,0.6451067288199124,0.040449897421445766,0.04252104022271257,0.06856109650167258
104,Война и мир. 11_123.txt,0.03636609945302187,0.029022125902762964,0.027253242081955946,0.024623535927609155,0.06345770873453209,0.03409822477500343,0.6251079796851519,0.042729307646295574,0.044917162340033796,0.07242461345363328
105,Война и мир. 11_124.txt,0.050453961043254926,0.029022125902762964,0.027253242081955946,0.024623535927609155,0.07754557032476514,0.03409822477500343,0.5969322565046857,0.042729307646295574,0.044917162340033796,0.07242461345363328
106,Война и мир. 11_125.txt,0.034426136848963396,0.04081026976533932,0.02579940811918395,0.0233099845817751,0.06007253452734894,0.03227924275814625,0.6317703892534121,0.040449897421445766,0.04252104022271257,0.06856109650167258
107,Война и мир. 11_126.txt,0.03268266820450523,0.026082547365154956,0.024492829361924085,0.03479041689479877,0.06969117347675373,0.03064450087982899,0.5871142307067906,0.0510623002853385,0.04036761532106618,0.10307171750383896
108,Война и мир. 11_127.txt,0.03636609945302187,0.029022125902762964,0.027253242081955946,0.024623535927609155,0.06345770873453209,0.03409822477500343,0.6251079796851519,0.042729307646295574,0.044917162340033796,0.07242461345363328
109,Война и мир. 11_128.txt,0.03536953716484402,0.028226814977685463,0.02650640495347743,0.02394876223243331,0.06171873863957587,0.03316381043264381,0.6079777664381135,0.04155837050316709,0.04368627008726786,0.09784352457079164
110,Война и мир. 11_129.txt,0.047762476415463634,0.027473930198839088,0.02579940811918395,0.0233099845817751,0.08674521366034942,0.03227924275814625,0.5917613705539114,0.05378623698794601,0.04252104022271257,0.06856109650167258
111,Война и мир. 11_13.txt,0.03586089611209298,0.02861894615053588,0.02687463593067667,0.024281462051025805,0.0625761446695767,0.033624527091304104,0.6303160361993048,0.04213570565699306,0.04429316634319766,0.07141847979529235
112,Война и мир. 11_130.txt,0.03636609945302187,0.029022125902762964,0.027253242081955946,0.024623535927609155,0.06345770873453209,0.03409822477500343,0.6110201180949189,0.042729307646295574,0.044917162340033796,0.08651247504386635
113,Война и мир. 11_131.txt,0.03586089611209298,0.02861894615053588,0.02687463593067667,0.024281462051025805,0.0625761446695767,0.033624527091304104,0.6303160361993048,0.04213570565699306,0.04429316634319766,0.07141847979529235
114,Война и мир. 11_132.txt,0.04024785041590803,0.02315136726499319,0.021740303198845335,0.030880638595513387,0.061859216805033576,0.027200644346155215,0.6335147043127185,0.056561962934966965,0.04706915627291347,0.05777415585295228
115,Война и мир. 11_133.txt,0.03353175510430005,0.02676016490673555,0.025129146458802147,0.022704397473067853,0.08449159641961408,0.031440636742574336,0.6023672999744807,0.05238888506643339,0.04141635507299223,0.07976976278099966
116,Война и мир. 11_134.txt,0.03536953716484402,0.028226814977685463,0.02650640495347743,0.02394876223243331,0.06171873863957587,0.06056741717538023,0.5942759630667453,0.04155837050316709,0.05738807345863607,0.07043991782805523
117,Война и мир. 11_135.txt,0.03636609945302187,0.04310998749299602,0.027253242081955946,0.038711397517842215,0.06345770873453209,0.03409822477500343,0.5969322565046857,0.042729307646295574,0.044917162340033796,0.07242461345363328
118,Война и мир. 11_136.txt,0.03636609945302187,0.029022125902762964,0.027253242081955946,0.024623535927609155,0.07754557032476514,0.03409822477500343,0.6110201180949189,0.042729307646295574,0.044917162340033796,0.07242461345363328
119,Война и мир. 11_137.txt,0.03636609945302187,0.029022125902762964,0.027253242081955946,0.024623535927609155,0.06345770873453209,0.03409822477500343,0.5969322565046857,0.042729307646295574,0.07309288552049992,0.07242461345363328
120,Война и мир. 11_138.txt,0.03636609945302187,0.029022125902762964,0.027253242081955946,0.024623535927609155,0.06345770873453209,0.03409822477500343,0.6251079796851519,0.042729307646295574,0.044917162340033796,0.07242461345363328
121,Война и мир. 11_139.txt,0.050453961043254926,0.029022125902762964,0.027253242081955946,0.024623535927609155,0.06345770873453209,0.03409822477500343,0.6110201180949189,0.042729307646295574,0.044917162340033796,0.07242461345363328
122,Война и мир. 11_14.txt,0.033101767609681136,0.026417011492068012,0.03763020029828418,0.022413252349410887,0.07058484375995577,0.03103746426979109,0.6331128447422267,0.03889379485576684,0.040885261048874195,0.06592355957394112
123,Война и мир. 11_140.txt,0.03536953716484402,0.028226814977685463,0.02650640495347743,0.03765056560380152,0.06171873863957587,0.03316381043264381,0.6079777664381135,0.04155837050316709,0.04368627008726786,0.08414172119942342
124,Война и мир. 11_141.txt,0.03586089611209298,0.02861894615053588,0.02687463593067667,0.024281462051025805,0.0625761446695767,0.033624527091304104,0.6303160361993048,0.04213570565699306,0.04429316634319766,0.07141847979529235
125,Война и мир. 11_142.txt,0.03586089611209298,0.02861894615053588,0.02687463593067667,0.024281462051025805,0.0625761446695767,0.033624527091304104,0.6303160361993048,0.04213570565699306,0.04429316634319766,0.07141847979529235
126,Война и мир. 11_143.txt,0.03636609945302187,0.029022125902762964,0.027253242081955946,0.024623535927609155,0.07754557032476514,0.03409822477500343,0.6110201180949189,0.042729307646295574,0.044917162340033796,0.07242461345363328
127,Война и мир. 11_144.txt,0.05266975511309251,0.03518017297216004,0.02224017742178958,0.031590676311214344,0.05178505723437038,0.02782606805031217,0.6250881174925356,0.046366003744592,0.03665492922719387,0.07059904243273954
128,Война и мир. 11_145.txt,0.034426136848963396,0.027473930198839088,0.02579940811918395,0.0233099845817751,0.06007253452734894,0.045615582324646485,0.6317703892534121,0.040449897421445766,0.04252104022271257,0.06856109650167258
129,Война и мир. 11_146.txt,0.033101767609681136,0.026417011492068012,0.024806908070321657,0.035236544577373415,0.07058484375995577,0.04386075649775362,0.6202895525142642,0.03889379485576684,0.040885261048874195,0.06592355957394112
130,Война и мир. 11_147.txt,0.03536953716484402,0.028226814977685463,0.02650640495347743,0.02394876223243331,0.07542054201094407,0.03316381043264381,0.6216795698094817,0.04155837050316709,0.04368627008726786,0.07043991782805523
131,Война и мир. 11_148.txt,0.033973060576995305,0.027112350683675554,0.025459866691666062,0.023003206015237726,0.05928193057109512,0.031854421377955446,0.6234557713815732,0.03991754350658145,0.055122250735731335,0.08081959845948888
132,Война и мир. 11_149.txt,0.03268266820450523,0.026082547365154956,0.037153766690640556,0.02212947956608229,0.0823521108054702,0.03064450087982899,0.5871142307067906,0.038401362956622026,0.053028552649782665,0.0904107801751225
133,Война и мир. 11_15.txt,0.034113856992295286,0.048199001410885865,0.03747764803980556,0.026174259693176483,0.10005824855256268,0.023055116776031913,0.5464889276601601,0.047941609174842116,0.03989555837763471,0.0965957733226053
134,Война и мир. 11_150.txt,0.03353175510430005,0.02676016490673555,0.025129146458802147,0.035694262536743696,0.07150173135593824,0.044430501806250175,0.5893774349108049,0.05238888506643339,0.05440622013666808,0.06677989771732382
135,Война и мир. 11_151.txt,0.03586089611209298,0.02861894615053588,0.02687463593067667,0.024281462051025805,0.0625761446695767,0.033624527091304104,0.6303160361993048,0.04213570565699306,0.04429316634319766,0.07141847979529235
136,Война и мир. 11_152.txt,0.034426136848963396,0.027473930198839088,0.02579940811918395,0.0233099845817751,0.06007253452734894,0.03227924275814625,0.6317703892534121,0.05378623698794601,0.04252104022271257,0.06856109650167258
137,Война и мир. 11_153.txt,0.033973060576995305,0.027112350683675554,0.025459866691666062,0.023003206015237726,0.05928193057109512,0.031854421377955446,0.6234557713815732,0.06623918824736999,0.04196142836533706,0.06765877608909461
138,Война и мир. 11_154.txt,0.049753047003378965,0.02861894615053588,0.02687463593067667,0.024281462051025805,0.0625761446695767,0.033624527091304104,0.6164238853080188,0.04213570565699306,0.04429316634319766,0.07141847979529235
139,Война и мир. 11_155.txt,0.034891461223815576,0.027845284366476174,0.02614812843907593,0.03714165791022894,0.07440111259554884,0.03271554842099289,0.6132765747697209,0.040996642567816606,0.043095780181090844,0.06948780952523338
140,Война и мир. 11_156.txt,0.04652162016797589,0.03975002997041139,0.025129146458802147,0.022704397473067853,0.07150173135593824,0.031440636742574336,0.5893774349108049,0.039399020002757544,0.06739608520034392,0.06677989771732382
141,Война и мир. 11_157.txt,0.03586089611209298,0.02861894615053588,0.02687463593067667,0.024281462051025805,0.0625761446695767,0.033624527091304104,0.6303160361993048,0.04213570565699306,0.04429316634319766,0.07141847979529235
142,Война и мир. 11_158.txt,0.04652162016797589,0.02676016490673555,0.025129146458802147,0.022704397473067853,0.0585118662922624,0.031440636742574336,0.6283470301018323,0.039399020002757544,0.04141635507299223,0.07976976278099966
143,Война и мир. 11_159.txt,0.033101767609681136,0.026417011492068012,0.03763020029828418,0.035236544577373415,0.05776155153199325,0.03103746426979109,0.6074662602863017,0.0645403793116919,0.040885261048874195,0.06592355957394112
144,Война и мир. 11_16.txt,0.033973060576995305,0.027112350683675554,0.025459866691666062,0.023003206015237726,0.07244275294148939,0.031854421377955446,0.6366165937519673,0.03991754350658145,0.04196142836533706,0.06765877608909461
145,Война и мир. 11_160.txt,0.03636609945302187,0.029022125902762964,0.027253242081955946,0.024623535927609155,0.06345770873453209,0.04818608636523649,0.6110201180949189,0.042729307646295574,0.044917162340033796,0.07242461345363328
146,Война и мир. 11_161.txt,0.034426136848963396,0.027473930198839088,0.03913574768568419,0.0233099845817751,0.08674521366034942,0.03227924275814625,0.5784250309874112,0.05378623698794601,0.05585737978921281,0.06856109650167258
147,Война и мир. 11_162.txt,0.03636609945302187,0.029022125902762964,0.027253242081955946,0.024623535927609155,0.06345770873453209,0.03409822477500343,0.6251079796851519,0.042729307646295574,0.044917162340033796,0.07242461345363328
148,Война и мир. 11_163.txt,0.034891461223815576,0.027845284366476174,0.02614812843907593,0.023625056355611233,0.06088451104093113,0.03271554842099289,0.6403097778789563,0.040996642567816606,0.043095780181090844,0.06948780952523338
149,Война и мир. 11_164.txt,0.03227404849911399,0.025756446608830127,0.03668924644081556,0.021852802601883037,0.06881984967307128,0.03026136365116015,0.6172816780529468,0.03792124445712345,0.03986291347185893,0.08928040654319676
150,Война и мир. 11_165.txt,0.03353175510430005,0.02676016490673555,0.025129146458802147,0.022704397473067853,0.0585118662922624,0.031440636742574336,0.6153571650381565,0.039399020002757544,0.06739608520034392,0.07976976278099966
151,Война и мир. 11_166.txt,0.03586089611209298,0.02861894615053588,0.02687463593067667,0.024281462051025805,0.0625761446695767,0.033624527091304104,0.6164238853080188,0.05602785654827905,0.04429316634319766,0.07141847979529235
152,Война и мир. 11_167.txt,0.03536953716484402,0.028226814977685463,0.02650640495347743,0.02394876223243331,0.06171873863957587,0.04686561380401202,0.6216795698094817,0.04155837050316709,0.04368627008726786,0.07043991782805523
153,Война и мир. 11_168.txt,0.04713388294738957,0.027112350683675554,0.025459866691666062,0.036164028385632,0.05928193057109512,0.031854421377955446,0.570812481899996,0.03991754350658145,0.0682830731061256,0.09398042082988314
154,Война и мир. 11_169.txt,0.061924664333050994,0.027845284366476174,0.02614812843907593,0.023625056355611233,0.06088451104093113,0.03271554842099289,0.6132765747697209,0.040996642567816606,0.043095780181090844,0.06948780952523338
155,Война и мир. 11_17.txt,0.03636609945302187,0.029022125902762964,0.027253242081955946,0.038711397517842215,0.06345770873453209,0.03409822477500343,0.6110201180949189,0.042729307646295574,0.044917162340033796,0.07242461345363328
156,Война и мир. 11_170.txt,0.04477669065900077,0.025756446608830127,0.024186604280928777,0.03435544476176982,0.0563172075131845,0.04276400581104693,0.6172816780529468,0.03792124445712345,0.03986291347185893,0.07677776438330998
157,Война и мир. 11_171.txt,0.033101767609681136,0.026417011492068012,0.024806908070321657,0.022413252349410887,0.07058484375995577,0.03103746426979109,0.6331128447422267,0.05171708708372937,0.040885261048874195,0.06592355957394112
158,Война и мир. 11_172.txt,0.03536953716484402,0.028226814977685463,0.02650640495347743,0.02394876223243331,0.06171873863957587,0.03316381043264381,0.63538137318085,0.04155837050316709,0.04368627008726786,0.07043991782805523
159,Война и мир. 11_173.txt,0.034891461223815576,0.04136188592109388,0.02614812843907593,0.023625056355611233,0.07440111259554884,0.03271554842099289,0.5862433716604853,0.06802984567705202,0.043095780181090844,0.06948780952523338
160,Война и мир. 11_174.txt,0.034891461223815576,0.027845284366476174,0.03966472999369364,0.023625056355611233,0.06088451104093113,0.03271554842099289,0.6267931763243385,0.040996642567816606,0.043095780181090844,0.06948780952523338
161,Война и мир. 11_175.txt,0.033973060576995305,0.027112350683675554,0.025459866691666062,0.023003206015237726,0.05928193057109512,0.031854421377955446,0.6366165937519673,0.03991754350658145,0.055122250735731335,0.06765877608909461
162,Война и мир. 11_176.txt,0.03536953716484402,0.04192861834905367,0.02650640495347743,0.02394876223243331,0.06171873863957587,0.03316381043264381,0.6079777664381135,0.04155837050316709,0.05738807345863607,0.07043991782805523
163,Война и мир. 11_177.txt,0.033973060576995305,0.027112350683675554,0.03862068906206033,0.023003206015237726,0.07244275294148939,0.031854421377955446,0.6102949490111789,0.03991754350658145,0.055122250735731335,0.06765877608909461
164,Война и мир. 11_178.txt,0.033101767609681136,0.026417011492068012,0.024806908070321657,0.022413252349410887,0.07058484375995577,0.03103746426979109,0.6074662602863017,0.03889379485576684,0.05370855327683672,0.09157014402986617
165,Война и мир. 11_179.txt,0.034891461223815576,0.027845284366476174,0.02614812843907593,0.023625056355611233,0.07440111259554884,0.03271554842099289,0.6267931763243385,0.040996642567816606,0.043095780181090844,0.06948780952523338
166,Война и мир. 11_18.txt,0.03536953716484402,0.028226814977685463,0.02650640495347743,0.02394876223243331,0.06171873863957587,0.03316381043264381,0.6216795698094817,0.04155837050316709,0.05738807345863607,0.07043991782805523
167,Война и мир. 11_180.txt,0.0453436055332217,0.026082547365154956,0.037153766690640556,0.02212947956608229,0.0823521108054702,0.03064450087982899,0.599775168035507,0.0510623002853385,0.04036761532106618,0.06508890551768955
168,Война и мир. 11_181.txt,0.03148671425682657,0.025128111047664436,0.02359656545281109,0.033517334288251203,0.0671409706133782,0.029523129406345026,0.6022229226482424,0.06139141889269095,0.051088083576561444,0.07490474981722867
169,Война и мир. 11_182.txt,0.03536953716484402,0.028226814977685463,0.02650640495347743,0.02394876223243331,0.06171873863957587,0.03316381043264381,0.6216795698094817,0.0552601738745353,0.04368627008726786,0.07043991782805523
170,Война и мир. 11_183.txt,0.033973060576995305,0.027112350683675554,0.03862068906206033,0.036164028385632,0.05928193057109512,0.031854421377955446,0.6102949490111789,0.03991754350658145,0.04196142836533706,0.08081959845948888
171,Война и мир. 11_184.txt,0.03586089611209298,0.02861894615053588,0.04076678682196265,0.024281462051025805,0.0625761446695767,0.033624527091304104,0.6164238853080188,0.04213570565699306,0.04429316634319766,0.07141847979529235
172,Война и мир. 11_185.txt,0.034426136848963396,0.04081026976533932,0.02579940811918395,0.0233099845817751,0.07340887409384918,0.03227924275814625,0.5917613705539114,0.040449897421445766,0.04252104022271257,0.09523377563467306
